110101010000101101111110001	
110101010000101101111010001	
110101010000101101111101001	
110101010000101101111100001	
110101010000101101111011001
110101010000101101110100001
110101010000101101110101001
	
110101010011101101000100000
110101010011101101000100001
110101010011101100000000111
110101010011101111010000010
110101010011101111010000011

110101010011101101000010100
110101010011101101000010000
110101010011101101000010110

110101010001101101000100000
110101010001101101000100001
110101010001101111010000010

110101010001101101000010100
110101010001101101000010000
110101010001101101000010110
