C5:
110101010000101101111110001 00000
110101010000101101111010001 00000
110101010000101101111101001 00000
110101010000101101111100001 00000
110101010000101101111011001 00000
110101010000101101110100001 00000
110101010000101101110101001 00000 
MRS:  
110101010011101101000100000 00000
110101010011101101000100001 00000
110101010011101100000000111 00000
110101010011101111010000010 00000
110101010011101111010000011 00000
110101010011101101000010100 00000
110101010011101101000010000 00000
110101010011101101000010110 00000
110101010011101111100000000 00000
110101010011101111100000110 00000
110101010011101111100000010 00000
/*simulate MRS*/
11010101001110110000 0000001 00000//1
11010101001110000000 0101100 00000
11010101001110000000 0101101 00000
11010101001110000000 0101000 00000
11010101001110000000 0101001 00000
11010101001110000000 0110000 00000
11010101001110000000 0110001 00000
11010101001110000000 0110010 00000
11010101001110000000 0111000 00000
11010101001110000000 0111001 00000
11010101001110000000 0111010 00000
11010101001110000000 0100000 00000
11010101001110000000 0100001 00000
11010101001110000000 0000000 00000//0
11010101001110000000 0000101 00000//5
11010101001110000000 0000110 00000//6
MSR:    
110101010001101101000100000 00000
110101010001101101000100001 00000
110101010001101111010000010 00000
110101010001101101000010100 00000
110101010001101101000010000 00000
110101010001101101000010110 00000



